825
610
43
280
761
327
732
942
175
265
568
613
1039
32
830
41
530
928
136
547
840
1030
349
1047
1003
497
722
30
35
726
579
187
633
775
344
1020
150
331
661
119
735
456
921
464
54
997
85
59
789
448
971
886
4
231
372
1025
718
727
276
207
1010
254
652
501
967
924
301
440
472
974
526
895
981
453
407
433
885
1034
685
394
584
751
1043
646
537
768
304
901
241
865
353
299
602
209
494
945
238
681
229
640
325
690
124
592
292
620
650
458
393
1019
146
1035
1071
591
320
360
831
741
855
703
283
593
103
498
808
910
197
293
700
711
909
616
95
629
93
492
256
120
883
83
604
845
737
641
1023
262
1059
582
152
179
383
157
122
199
987
691
427
824
872
1074
112
99
696
546
550
598
811
1008
431
936
463
695
484
979
234
387
1006
770
63
730
58
816
839
693
506
232
955
313
500
451
571
762
880
962
682
783
89
271
948
78
1004
667
434
804
70
583
447
665
375
985
585
815
343
617
1016
249
9
169
1045
470
934
744
311
77
575
621
607
937
359
772
957
836
561
694
589
100
648
1015
403
193
307
50
609
1073
395
362
399
149
385
462
747
445
132
326
784
828
174
422
160
334
903
975
946
286
310
252
551
257
106
278
556
721
637
631
950
505
746
432
55
386
6
671
1029
567
23
1036
502
549
875
364
795
701
986
528
437
626
1041
137
1062
352
559
915
192
290
267
465
587
869
467
773
312
565
26
552
827
874
757
887
324
1065
704
680
712
544
242
52
759
222
337
788
84
612
748
893
444
220
596
87
255
1021
2
148
976
590
618
382
539
266
72
281
156
134
474
841
369
291
133
33
758
996
657
356
1052
729
894
186
300
925
258
966
49
493
272
328
574
268
476
817
1060
877
233
829
18
379
159
109
69
1040
534
471
688
961
275
468
884
114
430
404
1018
763
780
296
419
1049
578
355
740
189
239
441
27
1032
715
698
1026
412
861
969
140
960
1038
145
373
820
634
566
1007
118
557
333
180
316
564
531
350
515
295
40
165
116
805
143
1054
66
42
141
